pall = struct('id', '', 'iter', 0, 'desc', '', 'size', 0, 'w', [], 'SIs', [], 'idxs', [], 'targetCol', [], 'v', 0.);
eall = cell(0);
p.id = 32;
p.iter = 1;
p.desc = 'Children Pop. <= 14.1';
p.size = 83;
p.w = [0.5703572169724634, 0.8213967646925731, 0.0, 0.0, 0.0];
p.SIs = [14.1480109305785, 19.80936940066116, 15.875760164765783, 4.6756327629409284, 15.79942166012344];
p.idxs = [196, 247, 269, 295, 326, 327, 328, 330, 331, 332, 334, 336, 337, 338, 340, 341, 343, 344, 345, 346, 347, 348, 349, 350, 351, 352, 353, 354, 355, 356, 358, 359, 360, 361, 362, 363, 364, 365, 366, 367, 368, 369, 370, 371, 372, 373, 374, 375, 376, 377, 378, 379, 380, 381, 382, 383, 384, 385, 386, 387, 388, 389, 390, 391, 392, 393, 394, 396, 397, 398, 399, 400, 401, 402, 403, 404, 405, 406, 407, 408, 409, 410, 411] + 1;
p.targetCol = [0, 1, 2, 3, 4]+ 1;
p.v = 22.327062606811523;
pall(end+1) = p;
e = struct('mu', [], 'sigma', [], 'inds', []);
c.mu = [35.260861669929284, 22.07941506441357, 14.160842220760086, 9.562696135738522, 12.583999281948053];
c.sigma = [51.453137768312565, -28.498407035655095, 7.9224507751754905, -4.550825053112328, -31.57492861942838, -28.498407035655095, 42.356746836889684, -3.336145706275354, 3.6314415764709698, -8.462056642438606, 7.9224507751754905, -3.336145706275354, 10.950461840270568, 5.520119203611715, -20.40191070316401, -4.550825053112328, 3.6314415764709698, 5.520119203611715, 13.598349162486988, -17.70930869529743, -31.57492861942838, -8.462056642438606, -20.40191070316401, -17.70930869529743, 79.76489089436468];
c.inds = [1.0, 2.0, 3.0, 4.0, 5.0, 6.0, 7.0, 8.0, 9.0, 10.0, 11.0, 12.0, 13.0, 14.0, 15.0, 16.0, 17.0, 18.0, 19.0, 20.0, 21.0, 22.0, 23.0, 24.0, 25.0, 26.0, 27.0, 28.0, 29.0, 30.0, 31.0, 32.0, 33.0, 34.0, 35.0, 36.0, 37.0, 38.0, 39.0, 40.0, 41.0, 42.0, 43.0, 44.0, 45.0, 46.0, 47.0, 48.0, 49.0, 50.0, 51.0, 52.0, 53.0, 54.0, 55.0, 56.0, 57.0, 58.0, 59.0, 60.0, 61.0, 62.0, 63.0, 64.0, 65.0, 66.0, 67.0, 68.0, 69.0, 70.0, 71.0, 72.0, 73.0, 74.0, 75.0, 76.0, 77.0, 78.0, 79.0, 80.0, 81.0, 82.0, 83.0, 84.0, 85.0, 86.0, 87.0, 88.0, 89.0, 90.0, 91.0, 92.0, 93.0, 94.0, 95.0, 96.0, 97.0, 98.0, 99.0, 100.0, 101.0, 102.0, 103.0, 104.0, 105.0, 106.0, 107.0, 108.0, 109.0, 110.0, 111.0, 112.0, 113.0, 114.0, 115.0, 116.0, 117.0, 118.0, 119.0, 120.0, 121.0, 122.0, 123.0, 124.0, 125.0, 126.0, 127.0, 128.0, 129.0, 130.0, 131.0, 132.0, 133.0, 134.0, 135.0, 136.0, 137.0, 138.0, 139.0, 140.0, 141.0, 142.0, 143.0, 144.0, 145.0, 146.0, 147.0, 148.0, 149.0, 150.0, 151.0, 152.0, 153.0, 154.0, 155.0, 156.0, 157.0, 158.0, 159.0, 160.0, 161.0, 162.0, 163.0, 164.0, 165.0, 166.0, 167.0, 168.0, 169.0, 170.0, 171.0, 172.0, 173.0, 174.0, 175.0, 176.0, 177.0, 178.0, 179.0, 180.0, 181.0, 182.0, 183.0, 184.0, 185.0, 186.0, 187.0, 188.0, 189.0, 190.0, 191.0, 192.0, 193.0, 194.0, 195.0, 196.0, 198.0, 199.0, 200.0, 201.0, 202.0, 203.0, 204.0, 205.0, 206.0, 207.0, 208.0, 209.0, 210.0, 211.0, 212.0, 213.0, 214.0, 215.0, 216.0, 217.0, 218.0, 219.0, 220.0, 221.0, 222.0, 223.0, 224.0, 225.0, 226.0, 227.0, 228.0, 229.0, 230.0, 231.0, 232.0, 233.0, 234.0, 235.0, 236.0, 237.0, 238.0, 239.0, 240.0, 241.0, 242.0, 243.0, 244.0, 245.0, 246.0, 247.0, 249.0, 250.0, 251.0, 252.0, 253.0, 254.0, 255.0, 256.0, 257.0, 258.0, 259.0, 260.0, 261.0, 262.0, 263.0, 264.0, 265.0, 266.0, 267.0, 268.0, 269.0, 271.0, 272.0, 273.0, 274.0, 275.0, 276.0, 277.0, 278.0, 279.0, 280.0, 281.0, 282.0, 283.0, 284.0, 285.0, 286.0, 287.0, 288.0, 289.0, 290.0, 291.0, 292.0, 293.0, 294.0, 295.0, 297.0, 298.0, 299.0, 300.0, 301.0, 302.0, 303.0, 304.0, 305.0, 306.0, 307.0, 308.0, 309.0, 310.0, 311.0, 312.0, 313.0, 314.0, 315.0, 316.0, 317.0, 318.0, 319.0, 320.0, 321.0, 322.0, 323.0, 324.0, 325.0, 326.0, 330.0, 334.0, 336.0, 340.0, 343.0, 358.0, 396.0];
c.sigma = reshape(c.sigma, length(c.mu), length(c.mu))';
e(end+1, 1) = c;
c.mu = [30.96907984602928, 17.82698569511477, 10.386473151231082, 5.9136749689376025, 28.255421741899237];
c.sigma = [51.453137768312565, -28.498407035655095, 7.9224507751754905, -4.550825053112328, -31.57492861942838, -28.498407035655095, 42.356746836889684, -3.336145706275354, 3.6314415764709698, -8.462056642438606, 7.9224507751754905, -3.336145706275354, 10.950461840270568, 5.520119203611715, -20.40191070316401, -4.550825053112328, 3.6314415764709698, 5.520119203611715, 13.598349162486988, -17.70930869529743, -31.57492861942838, -8.462056642438606, -20.40191070316401, -17.70930869529743, 79.76489089436468];
c.inds = [197.0, 248.0, 270.0, 296.0, 327.0, 328.0, 329.0, 331.0, 332.0, 333.0, 335.0, 337.0, 338.0, 339.0, 341.0, 342.0, 344.0, 345.0, 346.0, 347.0, 348.0, 349.0, 350.0, 351.0, 352.0, 353.0, 354.0, 355.0, 356.0, 357.0, 359.0, 360.0, 361.0, 362.0, 363.0, 364.0, 365.0, 366.0, 367.0, 368.0, 369.0, 370.0, 371.0, 372.0, 373.0, 374.0, 375.0, 376.0, 377.0, 378.0, 379.0, 380.0, 381.0, 382.0, 383.0, 384.0, 385.0, 386.0, 387.0, 388.0, 389.0, 390.0, 391.0, 392.0, 393.0, 394.0, 395.0, 397.0, 398.0, 399.0, 400.0, 401.0, 402.0, 403.0, 404.0, 405.0, 406.0, 407.0, 408.0, 409.0, 410.0, 411.0, 412.0];
c.sigma = reshape(c.sigma, length(c.mu), length(c.mu))';
e(end+1, 1) = c;
e(1) = [];
eall{end+1} = e;
p.id = 12607;
p.iter = 2;
p.desc = 'Mid-aged Pop. >= 26.9';
p.size = 85;
p.w = [0.0, 0.574027480661584, 0.0, 0.0, -0.818836034530305];
p.SIs = [5.193808421260464, 7.245993025893807, 5.928402007658843, 4.196498755371344, 23.56046664167652];
p.idxs = [0, 1, 15, 16, 20, 27, 38, 47, 48, 52, 59, 62, 64, 79, 80, 82, 92, 98, 104, 105, 106, 117, 118, 119, 120, 123, 126, 128, 131, 134, 136, 143, 154, 160, 161, 162, 163, 167, 179, 180, 181, 183, 185, 186, 193, 196, 197, 204, 215, 217, 221, 223, 224, 225, 229, 230, 231, 232, 233, 239, 240, 241, 246, 247, 251, 252, 259, 268, 269, 272, 282, 283, 284, 293, 295, 305, 325, 329, 344, 346, 367, 372, 389, 391, 393] + 1;
p.targetCol = [0, 1, 2, 3, 4]+ 1;
p.v = 24.414609909057617;
pall(end+1) = p;
e = struct('mu', [], 'sigma', [], 'inds', []);
c.mu = [35.260861669929284, 22.07941506441357, 14.160842220760086, 9.562696135738522, 12.583999281948053];
c.sigma = [51.453137768312565, -28.498407035655095, 7.9224507751754905, -4.550825053112328, -31.57492861942838, -28.498407035655095, 42.356746836889684, -3.336145706275354, 3.6314415764709698, -8.462056642438606, 7.9224507751754905, -3.336145706275354, 10.950461840270568, 5.520119203611715, -20.40191070316401, -4.550825053112328, 3.6314415764709698, 5.520119203611715, 13.598349162486988, -17.70930869529743, -31.57492861942838, -8.462056642438606, -20.40191070316401, -17.70930869529743, 79.76489089436468];
c.inds = [3.0, 4.0, 5.0, 6.0, 7.0, 8.0, 9.0, 10.0, 11.0, 12.0, 13.0, 14.0, 15.0, 18.0, 19.0, 20.0, 22.0, 23.0, 24.0, 25.0, 26.0, 27.0, 29.0, 30.0, 31.0, 32.0, 33.0, 34.0, 35.0, 36.0, 37.0, 38.0, 40.0, 41.0, 42.0, 43.0, 44.0, 45.0, 46.0, 47.0, 50.0, 51.0, 52.0, 54.0, 55.0, 56.0, 57.0, 58.0, 59.0, 61.0, 62.0, 64.0, 66.0, 67.0, 68.0, 69.0, 70.0, 71.0, 72.0, 73.0, 74.0, 75.0, 76.0, 77.0, 78.0, 79.0, 82.0, 84.0, 85.0, 86.0, 87.0, 88.0, 89.0, 90.0, 91.0, 92.0, 94.0, 95.0, 96.0, 97.0, 98.0, 100.0, 101.0, 102.0, 103.0, 104.0, 108.0, 109.0, 110.0, 111.0, 112.0, 113.0, 114.0, 115.0, 116.0, 117.0, 122.0, 123.0, 125.0, 126.0, 128.0, 130.0, 131.0, 133.0, 134.0, 136.0, 138.0, 139.0, 140.0, 141.0, 142.0, 143.0, 145.0, 146.0, 147.0, 148.0, 149.0, 150.0, 151.0, 152.0, 153.0, 154.0, 156.0, 157.0, 158.0, 159.0, 160.0, 165.0, 166.0, 167.0, 169.0, 170.0, 171.0, 172.0, 173.0, 174.0, 175.0, 176.0, 177.0, 178.0, 179.0, 183.0, 185.0, 188.0, 189.0, 190.0, 191.0, 192.0, 193.0, 195.0, 196.0, 199.0, 200.0, 201.0, 202.0, 203.0, 204.0, 206.0, 207.0, 208.0, 209.0, 210.0, 211.0, 212.0, 213.0, 214.0, 215.0, 217.0, 219.0, 220.0, 221.0, 223.0, 227.0, 228.0, 229.0, 235.0, 236.0, 237.0, 238.0, 239.0, 243.0, 244.0, 245.0, 246.0, 249.0, 250.0, 251.0, 254.0, 255.0, 256.0, 257.0, 258.0, 259.0, 261.0, 262.0, 263.0, 264.0, 265.0, 266.0, 267.0, 268.0, 271.0, 272.0, 274.0, 275.0, 276.0, 277.0, 278.0, 279.0, 280.0, 281.0, 282.0, 286.0, 287.0, 288.0, 289.0, 290.0, 291.0, 292.0, 293.0, 295.0, 297.0, 298.0, 299.0, 300.0, 301.0, 302.0, 303.0, 304.0, 305.0, 307.0, 308.0, 309.0, 310.0, 311.0, 312.0, 313.0, 314.0, 315.0, 316.0, 317.0, 318.0, 319.0, 320.0, 321.0, 322.0, 323.0, 324.0, 325.0, 334.0, 336.0, 340.0, 343.0, 358.0, 396.0];
c.sigma = reshape(c.sigma, length(c.mu), length(c.mu))';
e(end+1, 1) = c;
c.mu = [31.24348403074148, 17.747295805019228, 10.146100209409061, 5.2997694751506454, 28.944090963851053];
c.sigma = [49.96210800086106, -33.15301495684565, 7.475926019683737, -4.648062747825612, -25.30773640865007, -33.15301495684565, 27.82626906041937, -4.730080092623669, 3.327890732664308, 11.102490722549641, 7.475926019683737, -4.730080092623668, 10.816739253626466, 5.490999035252741, -18.52504913364567, -4.648062747825612, 3.327890732664308, 5.490999035252741, 13.592007793937844, -17.300592963254914, -25.30773640865007, 11.102490722549637, -18.52504913364567, -17.300592963254914, 53.42222553364935];
c.inds = [327.0, 328.0, 329.0, 331.0, 332.0, 333.0, 335.0, 337.0, 338.0, 339.0, 341.0, 342.0, 344.0, 346.0, 348.0, 349.0, 350.0, 351.0, 352.0, 353.0, 354.0, 355.0, 356.0, 357.0, 359.0, 360.0, 361.0, 362.0, 363.0, 364.0, 365.0, 366.0, 367.0, 369.0, 370.0, 371.0, 372.0, 374.0, 375.0, 376.0, 377.0, 378.0, 379.0, 380.0, 381.0, 382.0, 383.0, 384.0, 385.0, 386.0, 387.0, 388.0, 389.0, 391.0, 393.0, 395.0, 397.0, 398.0, 399.0, 400.0, 401.0, 402.0, 403.0, 404.0, 405.0, 406.0, 407.0, 408.0, 409.0, 410.0, 411.0, 412.0];
c.sigma = reshape(c.sigma, length(c.mu), length(c.mu))';
e(end+1, 1) = c;
c.mu = [34.00884745245997, 22.173681884929508, 15.280495742881707, 14.098374268980743, 7.999271117974984];
c.sigma = [51.453137768312565, -28.498407035655095, 7.9224507751754905, -4.550825053112328, -31.57492861942838, -28.498407035655095, 42.356746836889684, -3.336145706275354, 3.6314415764709698, -8.462056642438606, 7.9224507751754905, -3.336145706275354, 10.950461840270568, 5.520119203611715, -20.40191070316401, -4.550825053112328, 3.6314415764709698, 5.520119203611715, 13.598349162486988, -17.70930869529743, -31.57492861942838, -8.462056642438606, -20.40191070316401, -17.70930869529743, 79.76489089436468];
c.inds = [1.0, 2.0, 16.0, 17.0, 21.0, 28.0, 39.0, 48.0, 49.0, 53.0, 60.0, 63.0, 65.0, 80.0, 81.0, 83.0, 93.0, 99.0, 105.0, 106.0, 107.0, 118.0, 119.0, 120.0, 121.0, 124.0, 127.0, 129.0, 132.0, 135.0, 137.0, 144.0, 155.0, 161.0, 162.0, 163.0, 164.0, 168.0, 180.0, 181.0, 182.0, 184.0, 186.0, 187.0, 194.0, 198.0, 205.0, 216.0, 218.0, 222.0, 224.0, 225.0, 226.0, 230.0, 231.0, 232.0, 233.0, 234.0, 240.0, 241.0, 242.0, 247.0, 252.0, 253.0, 260.0, 269.0, 273.0, 283.0, 284.0, 285.0, 294.0, 306.0, 326.0, 330.0];
c.sigma = reshape(c.sigma, length(c.mu), length(c.mu))';
e(end+1, 1) = c;
c.mu = [30.15133159441273, 18.340609612413438, 11.31362819003882, 9.845873014652486, 23.68742148023705];
c.sigma = [49.96210800086106, -33.15301495684565, 7.475926019683737, -4.648062747825612, -25.30773640865007, -33.15301495684565, 27.82626906041937, -4.730080092623669, 3.327890732664308, 11.102490722549641, 7.475926019683737, -4.730080092623668, 10.816739253626466, 5.490999035252741, -18.52504913364567, -4.648062747825612, 3.327890732664308, 5.490999035252741, 13.592007793937844, -17.300592963254914, -25.30773640865007, 11.102490722549637, -18.52504913364567, -17.300592963254914, 53.42222553364935];
c.inds = [197.0, 248.0, 270.0, 296.0, 345.0, 347.0, 368.0, 373.0, 390.0, 392.0, 394.0];
c.sigma = reshape(c.sigma, length(c.mu), length(c.mu))';
e(end+1, 1) = c;
e(1) = [];
eall{end+1} = e;
p.id = 25158;
p.iter = 3;
p.desc = 'Children Pop. >= 16.4';
p.size = 248;
p.w = [0.0, 0.05325539882167002, 0.0, 0.0, -0.9978343273924023];
p.SIs = [4.377910045809756, 4.574879343751633, 8.538140183131318, 28.721920523574454, 416.5787610616959];
p.idxs = [3, 4, 5, 6, 8, 9, 10, 11, 12, 13, 14, 17, 19, 23, 25, 26, 28, 29, 30, 31, 32, 33, 34, 35, 36, 37, 38, 39, 40, 41, 42, 43, 44, 45, 46, 50, 51, 52, 53, 54, 55, 56, 57, 58, 59, 60, 61, 65, 67, 68, 70, 71, 72, 73, 74, 75, 76, 77, 78, 79, 81, 83, 84, 85, 86, 87, 88, 89, 90, 91, 93, 94, 95, 96, 97, 98, 99, 100, 101, 102, 103, 104, 107, 108, 111, 112, 113, 114, 115, 116, 119, 120, 121, 122, 123, 124, 125, 126, 127, 128, 129, 130, 132, 133, 134, 137, 139, 140, 141, 144, 145, 146, 147, 148, 149, 150, 151, 152, 153, 155, 156, 157, 158, 162, 166, 167, 169, 170, 171, 172, 173, 174, 175, 176, 177, 180, 181, 182, 183, 184, 185, 186, 187, 188, 189, 190, 191, 194, 195, 198, 199, 200, 201, 202, 203, 205, 206, 207, 208, 209, 210, 211, 212, 213, 214, 215, 216, 218, 219, 220, 221, 222, 223, 226, 228, 229, 230, 231, 232, 233, 234, 235, 236, 237, 238, 239, 240, 241, 242, 243, 244, 245, 249, 250, 251, 252, 253, 254, 255, 256, 257, 260, 261, 262, 263, 264, 265, 266, 267, 272, 273, 274, 275, 278, 279, 281, 283, 285, 286, 287, 288, 289, 290, 291, 292, 296, 297, 298, 299, 300, 301, 302, 303, 304, 306, 307, 308, 309, 310, 311, 312, 313, 314, 315, 316, 317, 318, 320] + 1;
p.targetCol = [0, 1, 2, 3, 4]+ 1;
p.v = 2113.6044921875;
pall(end+1) = p;
e = struct('mu', [], 'sigma', [], 'inds', []);
c.mu = [35.260861669929284, 22.07941506441357, 14.160842220760086, 9.562696135738522, 12.583999281948053];
c.sigma = [51.453137768312565, -28.498407035655095, 7.9224507751754905, -4.550825053112328, -31.57492861942838, -28.498407035655095, 42.356746836889684, -3.336145706275354, 3.6314415764709698, -8.462056642438606, 7.9224507751754905, -3.336145706275354, 10.950461840270568, 5.520119203611715, -20.40191070316401, -4.550825053112328, 3.6314415764709698, 5.520119203611715, 13.598349162486988, -17.70930869529743, -31.57492861942838, -8.462056642438606, -20.40191070316401, -17.70930869529743, 79.76489089436468];
c.inds = [3.0, 8.0, 19.0, 22.0, 23.0, 25.0, 50.0, 64.0, 67.0, 70.0, 110.0, 111.0, 136.0, 139.0, 143.0, 160.0, 165.0, 166.0, 169.0, 179.0, 193.0, 228.0, 249.0, 259.0, 271.0, 272.0, 277.0, 278.0, 281.0, 295.0, 320.0, 322.0, 323.0, 324.0, 325.0, 334.0, 336.0, 340.0, 343.0, 358.0, 396.0];
c.sigma = reshape(c.sigma, length(c.mu), length(c.mu))';
e(end+1, 1) = c;
c.mu = [30.97172520337339, 17.719336755127994, 9.945116169919647, 4.890416990144569, 29.93063931381622];
c.sigma = [49.95599738221063, -33.17209072219558, 7.474096047835858, -4.648461252593129, -25.282051863347895, -33.17209072219558, 27.76671947231672, -4.735792789743895, 3.3266467042163126, 11.182671206283388, 7.474096047835858, -4.735792789743894, 10.816191224506076, 5.490879693407418, -18.51735727828414, -4.648461252593129, 3.3266467042163126, 5.490879693407418, 13.59198180539907, -17.29891794238715, -25.282051863347895, 11.182671206283384, -18.51735727828414, -17.29891794238715, 53.31426660099149];
c.inds = [327.0, 328.0, 329.0, 331.0, 332.0, 333.0, 335.0, 337.0, 338.0, 339.0, 341.0, 342.0, 344.0, 346.0, 348.0, 349.0, 350.0, 351.0, 352.0, 353.0, 354.0, 355.0, 356.0, 357.0, 359.0, 360.0, 361.0, 362.0, 363.0, 364.0, 365.0, 366.0, 367.0, 369.0, 370.0, 371.0, 372.0, 374.0, 375.0, 376.0, 377.0, 378.0, 379.0, 380.0, 381.0, 382.0, 383.0, 384.0, 385.0, 386.0, 387.0, 388.0, 389.0, 391.0, 393.0, 395.0, 397.0, 398.0, 399.0, 400.0, 401.0, 402.0, 403.0, 404.0, 405.0, 406.0, 407.0, 408.0, 409.0, 410.0, 411.0, 412.0];
c.sigma = reshape(c.sigma, length(c.mu), length(c.mu))';
e(end+1, 1) = c;
c.mu = [33.17931562312119, 22.137262454845892, 14.498398928858858, 13.86798814795585, 9.826502727181598];
c.sigma = [50.65185689459337, -31.134766583788544, 6.674368070167144, -5.950356335640422, -25.65365652234762, -31.134766583788544, 33.68264528898449, -7.442564396810737, -0.9732704297929812, 11.020003571700393, 6.674368070167144, -7.442564396810738, 9.006436356034603, 3.340195975525748, -11.17888100358704, -5.950356335640422, -0.9732704297929812, 3.3401959755257487, 11.153903182286074, -7.367110592201903, -25.65365652234762, 11.020003571700396, -11.17888100358704, -7.367110592201903, 36.00812045639354];
c.inds = [1.0, 2.0, 16.0, 17.0, 21.0, 28.0, 48.0, 49.0, 63.0, 65.0, 81.0, 83.0, 93.0, 106.0, 107.0, 118.0, 119.0, 132.0, 137.0, 144.0, 155.0, 161.0, 162.0, 164.0, 180.0, 194.0, 198.0, 205.0, 218.0, 225.0, 226.0, 247.0, 260.0, 269.0, 283.0, 285.0, 294.0, 306.0, 326.0, 330.0];
c.sigma = reshape(c.sigma, length(c.mu), length(c.mu))';
e(end+1, 1) = c;
c.mu = [29.53040849784587, 20.115800613967192, 13.013863637994717, 12.631255343887233, 18.050373344611234];
c.sigma = [49.91746244802221, -33.329513316109335, 7.185247021255765, -5.0215764866824015, -24.41773612037559, -33.329513316109335, 27.123617995787253, -5.915796440233387, 1.8023994408920558, 14.713566719272269, 7.185247021255765, -5.915796440233386, 8.651045184595352, 2.6940934930746696, -12.038644747085483, -5.0215764866824015, 1.8023994408920558, 2.6940934930746696, 9.979286446200932, -8.930164302135527, -24.41773612037559, 14.713566719272263, -12.038644747085483, -8.930164302135527, 33.92817656909636];
c.inds = [197.0, 248.0, 270.0, 296.0, 345.0, 347.0, 368.0, 373.0, 390.0, 392.0, 394.0];
c.sigma = reshape(c.sigma, length(c.mu), length(c.mu))';
e(end+1, 1) = c;
c.mu = [38.2532122760106, 22.606715557165415, 15.637875905001387, 9.550408340861376, 7.644717501115267];
c.sigma = [51.453137768312565, -28.498407035655095, 7.9224507751754905, -4.550825053112328, -31.57492861942838, -28.498407035655095, 42.356746836889684, -3.336145706275354, 3.6314415764709698, -8.462056642438606, 7.9224507751754905, -3.336145706275354, 10.950461840270568, 5.520119203611715, -20.40191070316401, -4.550825053112328, 3.6314415764709698, 5.520119203611715, 13.598349162486988, -17.70930869529743, -31.57492861942838, -8.462056642438606, -20.40191070316401, -17.70930869529743, 79.76489089436468];
c.inds = [4.0, 5.0, 6.0, 7.0, 9.0, 10.0, 11.0, 12.0, 13.0, 14.0, 15.0, 18.0, 20.0, 24.0, 26.0, 27.0, 29.0, 30.0, 31.0, 32.0, 33.0, 34.0, 35.0, 36.0, 37.0, 38.0, 40.0, 41.0, 42.0, 43.0, 44.0, 45.0, 46.0, 47.0, 51.0, 52.0, 54.0, 55.0, 56.0, 57.0, 58.0, 59.0, 61.0, 62.0, 66.0, 68.0, 69.0, 71.0, 72.0, 73.0, 74.0, 75.0, 76.0, 77.0, 78.0, 79.0, 82.0, 84.0, 85.0, 86.0, 87.0, 88.0, 89.0, 90.0, 91.0, 92.0, 94.0, 95.0, 96.0, 97.0, 98.0, 100.0, 101.0, 102.0, 103.0, 104.0, 108.0, 109.0, 112.0, 113.0, 114.0, 115.0, 116.0, 117.0, 122.0, 123.0, 125.0, 126.0, 128.0, 130.0, 131.0, 133.0, 134.0, 138.0, 140.0, 141.0, 142.0, 145.0, 146.0, 147.0, 148.0, 149.0, 150.0, 151.0, 152.0, 153.0, 154.0, 156.0, 157.0, 158.0, 159.0, 167.0, 170.0, 171.0, 172.0, 173.0, 174.0, 175.0, 176.0, 177.0, 178.0, 183.0, 185.0, 188.0, 189.0, 190.0, 191.0, 192.0, 195.0, 196.0, 199.0, 200.0, 201.0, 202.0, 203.0, 204.0, 206.0, 207.0, 208.0, 209.0, 210.0, 211.0, 212.0, 213.0, 214.0, 215.0, 217.0, 219.0, 220.0, 221.0, 223.0, 227.0, 229.0, 235.0, 236.0, 237.0, 238.0, 239.0, 243.0, 244.0, 245.0, 246.0, 250.0, 251.0, 254.0, 255.0, 256.0, 257.0, 258.0, 261.0, 262.0, 263.0, 264.0, 265.0, 266.0, 267.0, 268.0, 274.0, 275.0, 276.0, 279.0, 280.0, 282.0, 286.0, 287.0, 288.0, 289.0, 290.0, 291.0, 292.0, 293.0, 297.0, 298.0, 299.0, 300.0, 301.0, 302.0, 303.0, 304.0, 305.0, 307.0, 308.0, 309.0, 310.0, 311.0, 312.0, 313.0, 314.0, 315.0, 316.0, 317.0, 318.0, 319.0, 321.0];
c.sigma = reshape(c.sigma, length(c.mu), length(c.mu))';
e(end+1, 1) = c;
c.mu = [35.80484320081103, 21.457648586986146, 15.404065577457386, 13.215000792882444, 7.597954515339888];
c.sigma = [50.65185689459337, -31.134766583788544, 6.674368070167144, -5.950356335640422, -25.65365652234762, -31.134766583788544, 33.68264528898449, -7.442564396810737, -0.9732704297929812, 11.020003571700393, 6.674368070167144, -7.442564396810738, 9.006436356034603, 3.340195975525748, -11.17888100358704, -5.950356335640422, -0.9732704297929812, 3.3401959755257487, 11.153903182286074, -7.367110592201903, -25.65365652234762, 11.020003571700396, -11.17888100358704, -7.367110592201903, 36.00812045639354];
c.inds = [39.0, 53.0, 60.0, 80.0, 99.0, 105.0, 120.0, 121.0, 124.0, 127.0, 129.0, 135.0, 163.0, 168.0, 181.0, 182.0, 184.0, 186.0, 187.0, 216.0, 222.0, 224.0, 230.0, 231.0, 232.0, 233.0, 234.0, 240.0, 241.0, 242.0, 252.0, 253.0, 273.0, 284.0];
c.sigma = reshape(c.sigma, length(c.mu), length(c.mu))';
e(end+1, 1) = c;
e(1) = [];
eall{end+1} = e;
pall(1) = [];
clear c;
clear e;
clear p;
