pall = struct('id', '', 'iter', 0, 'desc', '', 'size', 0, 'w', [], 'SIs', [], 'idxs', [], 'targetCol', [], 'v', 0.);
eall = cell(0);
p.id = 760;
p.iter = 1;
p.desc = '49700 <= 0.0 AND 37880 >= 3.0';
p.size = 91;
p.w = [-0.05083781222097801, 0.006909561113919102, 0.01985939187456321, -0.16322333507026646, 0.07478438726428961, -0.0024678278256509176, 0.050224885353894216, 0.02934269185097495, -0.04796802750499239, 0.12945022364136935, -0.6798526076586743, 0.4539811582687233, -0.012784944911788908, -0.45625407043078653, 0.227888255512038, -0.11716720514698045];
p.SIs = [3.620249834803893, 9.351094541726454, 30.1519532135339, 25.247149085012396, 42.0055684996147, 48.66458817472895, 7.758643906134182, 33.69370496601856, 64.69617435590624, 53.99998851263547, 33.064930485980966, 69.664615952307, 9.889994470097363, 10.522503939728665, 17.722465447290773, 48.697089477677224];
p.idxs = [32, 33, 34, 35, 36, 40, 42, 95, 96, 99, 102, 110, 255, 260, 261, 262, 265, 266, 312, 394, 395, 398, 433, 434, 435, 436, 437, 438, 439, 440, 441, 443, 446, 447, 465, 466, 467, 468, 469, 470, 473, 474, 485, 534, 535, 536, 537, 539, 540, 541, 542, 543, 571, 572, 573, 574, 576, 617, 619, 621, 625, 627, 630, 631, 632, 634, 667, 669, 757, 758, 759, 761, 762, 763, 764, 766, 769, 779, 780, 784, 785, 787, 788, 789, 852, 982, 988, 1003, 1014, 1025, 1049] + 1;
p.targetCol = [0, 1, 2, 3, 4, 5, 6, 7, 8, 9, 10, 11, 12, 13, 14, 15]+ 1;
p.v = 133.6172637939453;
pall(end+1) = p;
e = struct('mu', [], 'sigma', [], 'inds', []);
c.mu = [2.4643755228803403, 24.17020516125661, 3.0739558995332357, 4.370396343277732, 4.509491527699074, 0.3977263245098996, 4.034420671777905, 0.4630152751744356, 1.5697691325906593, 0.2654888825684364, 0.29465668383493737, 0.6039690406149569, 1.2230073262990084, 0.5818762502676965, 0.5444282841815983, 0.3496200415534231];
c.sigma = [1.1226280928270735, 0.08617109590268031, 0.34031158193919336, -0.49173720825812156, 0.08172409118259007, 0.008304449593857231, 0.27096990568744617, 0.2699866774631643, -0.07877233707846633, 0.1181240190336212, 0.0974731196332003, 0.10501452082775695, 0.09784075333042334, 0.12812446589742638, 0.13686803497117192, 0.07735088225119525, 0.08617109590268031, 0.9337700414010741, -0.169714384289361, 0.4678232793321942, 0.5569898241516037, -0.5153897950599036, -0.15122324640514254, -0.17362450621973022, -0.10805775182147223, -0.12646581265307397, -0.11369565380173123, -0.14896330337657032, -0.19737100157702303, -0.21313952122116486, -0.14790618184985596, -0.12829262253048662, 0.34031158193919336, -0.169714384289361, 1.0763641379821287, -0.4605892512759874, -0.338344621285552, 0.21448506655125396, 0.969284006066928, 0.3272534411519468, 0.2476132971601145, 0.44459263540388316, 0.34725089299975226, 0.45187235721883207, 0.4392327290327738, 0.2640037128303921, 0.3524176769862681, 0.24335193289649523, -0.49173720825812156, 0.4678232793321942, -0.4605892512759874, 1.092576623405006, 0.9115076792706435, -0.3985390840358378, -0.3857780602535817, -0.31164503704135627, 0.12291137434829673, -0.35418642677115103, -0.28045399588720626, -0.2350366378475112, -0.27309584792913766, -0.36710333043106197, -0.34419252726352684, -0.24500154807210242, 0.08172409118259007, 0.5569898241516037, -0.338344621285552, 0.9115076792706435, 1.0496004094536702, -0.4282776383918806, -0.281377967740543, -0.1998061916710271, 0.08904787886016521, -0.3409860200852579, -0.2600843210947069, -0.21493849052657918, -0.26893849403929054, -0.3329827198205323, -0.31040849253902913, -0.22767670606612653, 0.008304449593857231, -0.5153897950599036, 0.21448506655125396, -0.3985390840358378, -0.4282776383918806, 1.0182998314238767, 0.16666236817829658, 0.05353150726756722, -0.050829067671972025, 0.2363155554692656, 0.14263443866417508, 0.15470111693374877, 0.26241381807959635, 0.18418451086197202, 0.16717364519752215, 0.16549253653465812, 0.27096990568744617, -0.15122324640514254, 0.969284006066928, -0.3857780602535817, -0.281377967740543, 0.16666236817829658, 1.1114807676775775, 0.281979002552187, 0.2671249545665928, 0.29423495490705504, 0.2745804439785731, 0.3258358579757493, 0.289081188913261, 0.22374776528542073, 0.27863517648020286, 0.1855509060326643, 0.2699866774631643, -0.17362450621973022, 0.3272534411519468, -0.31164503704135627, -0.1998061916710271, 0.05353150726756722, 0.281979002552187, 0.9161348625170374, 0.16952645023397664, 0.2380068545242949, 0.23234658620174273, 0.23190746453502015, 0.22720412487968458, 0.23261311563473852, 0.21875280831285193, 0.19456009987474718, -0.07877233707846633, -0.10805775182147223, 0.2476132971601145, 0.12291137434829673, 0.08904787886016521, -0.050829067671972025, 0.2671249545665928, 0.16952645023397664, 1.1070002845901945, -0.03823591517547483, 0.03262325737075151, 0.12996268070383407, 0.28523594869997937, 0.014596421770144146, 0.028688493089516598, -0.007625519539051163, 0.1181240190336212, -0.12646581265307397, 0.44459263540388316, -0.35418642677115103, -0.3409860200852579, 0.2363155554692656, 0.29423495490705504, 0.2380068545242949, -0.03823591517547483, 0.7606312312005064, 0.4295499769750066, 0.29961792322396164, 0.3251682419540452, 0.30619226655757326, 0.4550973252748388, 0.31575691905609915, 0.0974731196332003, -0.11369565380173123, 0.34725089299975226, -0.28045399588720626, -0.2600843210947069, 0.14263443866417508, 0.2745804439785731, 0.23234658620174273, 0.03262325737075151, 0.4295499769750066, 0.5525529086381515, 0.19631394737180632, 0.21362994311922448, 0.21776970619785033, 0.274330908990858, 0.25052886097151483, 0.10501452082775695, -0.14896330337657032, 0.45187235721883207, -0.2350366378475112, -0.21493849052657918, 0.15470111693374877, 0.3258358579757493, 0.23190746453502015, 0.12996268070383407, 0.29961792322396164, 0.19631394737180632, 0.4143792574795095, 0.3531504475526798, 0.21942250574285427, 0.26907669934071, 0.19298295971297116, 0.09784075333042334, -0.19737100157702303, 0.4392327290327738, -0.27309584792913766, -0.26893849403929054, 0.26241381807959635, 0.289081188913261, 0.22720412487968458, 0.28523594869997937, 0.3251682419540452, 0.21362994311922448, 0.3531504475526798, 0.9140488891914029, 0.2550597695279656, 0.3001844851101491, 0.18694237346628273, 0.12812446589742638, -0.21313952122116486, 0.2640037128303921, -0.36710333043106197, -0.3329827198205323, 0.18418451086197202, 0.22374776528542073, 0.23261311563473852, 0.014596421770144146, 0.30619226655757326, 0.21776970619785033, 0.21942250574285427, 0.2550597695279656, 0.7669806436969717, 0.5188246512895803, 0.2800005502216491, 0.13686803497117192, -0.14790618184985596, 0.3524176769862681, -0.34419252726352684, -0.31040849253902913, 0.16717364519752215, 0.27863517648020286, 0.21875280831285193, 0.028688493089516598, 0.4550973252748388, 0.274330908990858, 0.26907669934071, 0.3001844851101491, 0.5188246512895803, 0.5632082755663128, 0.32193026784521395, 0.07735088225119525, -0.12829262253048662, 0.24335193289649523, -0.24500154807210242, -0.22767670606612653, 0.16549253653465812, 0.1855509060326643, 0.19456009987474718, -0.007625519539051163, 0.31575691905609915, 0.25052886097151483, 0.19298295971297116, 0.18694237346628273, 0.2800005502216491, 0.32193026784521395, 0.2960660736286826];
c.inds = [1.0, 2.0, 3.0, 4.0, 5.0, 6.0, 7.0, 8.0, 9.0, 10.0, 11.0, 12.0, 13.0, 14.0, 15.0, 16.0, 17.0, 18.0, 19.0, 20.0, 21.0, 22.0, 23.0, 24.0, 25.0, 26.0, 27.0, 28.0, 29.0, 30.0, 31.0, 32.0, 38.0, 39.0, 40.0, 42.0, 44.0, 45.0, 46.0, 47.0, 48.0, 49.0, 50.0, 51.0, 52.0, 53.0, 54.0, 55.0, 56.0, 57.0, 58.0, 59.0, 60.0, 61.0, 62.0, 63.0, 64.0, 65.0, 66.0, 67.0, 68.0, 69.0, 70.0, 71.0, 72.0, 73.0, 74.0, 75.0, 76.0, 77.0, 78.0, 79.0, 80.0, 81.0, 82.0, 83.0, 84.0, 85.0, 86.0, 87.0, 88.0, 89.0, 90.0, 91.0, 92.0, 93.0, 94.0, 95.0, 98.0, 99.0, 101.0, 102.0, 104.0, 105.0, 106.0, 107.0, 108.0, 109.0, 110.0, 112.0, 113.0, 114.0, 115.0, 116.0, 117.0, 118.0, 119.0, 120.0, 121.0, 122.0, 123.0, 124.0, 125.0, 126.0, 127.0, 128.0, 129.0, 130.0, 131.0, 132.0, 133.0, 134.0, 135.0, 136.0, 137.0, 138.0, 139.0, 140.0, 141.0, 142.0, 143.0, 144.0, 145.0, 146.0, 147.0, 148.0, 149.0, 150.0, 151.0, 152.0, 153.0, 154.0, 155.0, 156.0, 157.0, 158.0, 159.0, 160.0, 161.0, 162.0, 163.0, 164.0, 165.0, 166.0, 167.0, 168.0, 169.0, 170.0, 171.0, 172.0, 173.0, 174.0, 175.0, 176.0, 177.0, 178.0, 179.0, 180.0, 181.0, 182.0, 183.0, 184.0, 185.0, 186.0, 187.0, 188.0, 189.0, 190.0, 191.0, 192.0, 193.0, 194.0, 195.0, 196.0, 197.0, 198.0, 199.0, 200.0, 201.0, 202.0, 203.0, 204.0, 205.0, 206.0, 207.0, 208.0, 209.0, 210.0, 211.0, 212.0, 213.0, 214.0, 215.0, 216.0, 217.0, 218.0, 219.0, 220.0, 221.0, 222.0, 223.0, 224.0, 225.0, 226.0, 227.0, 228.0, 229.0, 230.0, 231.0, 232.0, 233.0, 234.0, 235.0, 236.0, 237.0, 238.0, 239.0, 240.0, 241.0, 242.0, 243.0, 244.0, 245.0, 246.0, 247.0, 248.0, 249.0, 250.0, 251.0, 252.0, 253.0, 254.0, 255.0, 257.0, 258.0, 259.0, 260.0, 264.0, 265.0, 268.0, 269.0, 270.0, 271.0, 272.0, 273.0, 274.0, 275.0, 276.0, 277.0, 278.0, 279.0, 280.0, 281.0, 282.0, 283.0, 284.0, 285.0, 286.0, 287.0, 288.0, 289.0, 290.0, 291.0, 292.0, 293.0, 294.0, 295.0, 296.0, 297.0, 298.0, 299.0, 300.0, 301.0, 302.0, 303.0, 304.0, 305.0, 306.0, 307.0, 308.0, 309.0, 310.0, 311.0, 312.0, 314.0, 315.0, 316.0, 317.0, 318.0, 319.0, 320.0, 321.0, 322.0, 323.0, 324.0, 325.0, 326.0, 327.0, 328.0, 329.0, 330.0, 331.0, 332.0, 333.0, 334.0, 335.0, 336.0, 337.0, 338.0, 339.0, 340.0, 341.0, 342.0, 343.0, 344.0, 345.0, 346.0, 347.0, 348.0, 349.0, 350.0, 351.0, 352.0, 353.0, 354.0, 355.0, 356.0, 357.0, 358.0, 359.0, 360.0, 361.0, 362.0, 363.0, 364.0, 365.0, 366.0, 367.0, 368.0, 369.0, 370.0, 371.0, 372.0, 373.0, 374.0, 375.0, 376.0, 377.0, 378.0, 379.0, 380.0, 381.0, 382.0, 383.0, 384.0, 385.0, 386.0, 387.0, 388.0, 389.0, 390.0, 391.0, 392.0, 393.0, 394.0, 397.0, 398.0, 400.0, 401.0, 402.0, 403.0, 404.0, 405.0, 406.0, 407.0, 408.0, 409.0, 410.0, 411.0, 412.0, 413.0, 414.0, 415.0, 416.0, 417.0, 418.0, 419.0, 420.0, 421.0, 422.0, 423.0, 424.0, 425.0, 426.0, 427.0, 428.0, 429.0, 430.0, 431.0, 432.0, 433.0, 443.0, 445.0, 446.0, 449.0, 450.0, 451.0, 452.0, 453.0, 454.0, 455.0, 456.0, 457.0, 458.0, 459.0, 460.0, 461.0, 462.0, 463.0, 464.0, 465.0, 472.0, 473.0, 476.0, 477.0, 478.0, 479.0, 480.0, 481.0, 482.0, 483.0, 484.0, 485.0, 487.0, 488.0, 489.0, 490.0, 491.0, 492.0, 493.0, 494.0, 495.0, 496.0, 497.0, 498.0, 499.0, 500.0, 501.0, 502.0, 503.0, 504.0, 505.0, 506.0, 507.0, 508.0, 509.0, 510.0, 511.0, 512.0, 513.0, 514.0, 515.0, 516.0, 517.0, 518.0, 519.0, 520.0, 521.0, 522.0, 523.0, 524.0, 525.0, 526.0, 527.0, 528.0, 529.0, 530.0, 531.0, 532.0, 533.0, 534.0, 539.0, 545.0, 546.0, 547.0, 548.0, 549.0, 550.0, 551.0, 552.0, 553.0, 554.0, 555.0, 556.0, 557.0, 558.0, 559.0, 560.0, 561.0, 562.0, 563.0, 564.0, 565.0, 566.0, 567.0, 568.0, 569.0, 570.0, 571.0, 576.0, 578.0, 579.0, 580.0, 581.0, 582.0, 583.0, 584.0, 585.0, 586.0, 587.0, 588.0, 589.0, 590.0, 591.0, 592.0, 593.0, 594.0, 595.0, 596.0, 597.0, 598.0, 599.0, 600.0, 601.0, 602.0, 603.0, 604.0, 605.0, 606.0, 607.0, 608.0, 609.0, 610.0, 611.0, 612.0, 613.0, 614.0, 615.0, 616.0, 617.0, 619.0, 621.0, 623.0, 624.0, 625.0, 627.0, 629.0, 630.0, 634.0, 636.0, 637.0, 638.0, 639.0, 640.0, 641.0, 642.0, 643.0, 644.0, 645.0, 646.0, 647.0, 648.0, 649.0, 650.0, 651.0, 652.0, 653.0, 654.0, 655.0, 656.0, 657.0, 658.0, 659.0, 660.0, 661.0, 662.0, 663.0, 664.0, 665.0, 666.0, 667.0, 669.0, 671.0, 672.0, 673.0, 674.0, 675.0, 676.0, 677.0, 678.0, 679.0, 680.0, 681.0, 682.0, 683.0, 684.0, 685.0, 686.0, 687.0, 688.0, 689.0, 690.0, 691.0, 692.0, 693.0, 694.0, 695.0, 696.0, 697.0, 698.0, 699.0, 700.0, 701.0, 702.0, 703.0, 704.0, 705.0, 706.0, 707.0, 708.0, 709.0, 710.0, 711.0, 712.0, 713.0, 714.0, 715.0, 716.0, 717.0, 718.0, 719.0, 720.0, 721.0, 722.0, 723.0, 724.0, 725.0, 726.0, 727.0, 728.0, 729.0, 730.0, 731.0, 732.0, 733.0, 734.0, 735.0, 736.0, 737.0, 738.0, 739.0, 740.0, 741.0, 742.0, 743.0, 744.0, 745.0, 746.0, 747.0, 748.0, 749.0, 750.0, 751.0, 752.0, 753.0, 754.0, 755.0, 756.0, 757.0, 761.0, 766.0, 768.0, 769.0, 771.0, 772.0, 773.0, 774.0, 775.0, 776.0, 777.0, 778.0, 779.0, 782.0, 783.0, 784.0, 787.0, 791.0, 792.0, 793.0, 794.0, 795.0, 796.0, 797.0, 798.0, 799.0, 800.0, 801.0, 802.0, 803.0, 804.0, 805.0, 806.0, 807.0, 808.0, 809.0, 810.0, 811.0, 812.0, 813.0, 814.0, 815.0, 816.0, 817.0, 818.0, 819.0, 820.0, 821.0, 822.0, 823.0, 824.0, 825.0, 826.0, 827.0, 828.0, 829.0, 830.0, 831.0, 832.0, 833.0, 834.0, 835.0, 836.0, 837.0, 838.0, 839.0, 840.0, 841.0, 842.0, 843.0, 844.0, 845.0, 846.0, 847.0, 848.0, 849.0, 850.0, 851.0, 852.0, 854.0, 855.0, 856.0, 857.0, 858.0, 859.0, 860.0, 861.0, 862.0, 863.0, 864.0, 865.0, 866.0, 867.0, 868.0, 869.0, 870.0, 871.0, 872.0, 873.0, 874.0, 875.0, 876.0, 877.0, 878.0, 879.0, 880.0, 881.0, 882.0, 883.0, 884.0, 885.0, 886.0, 887.0, 888.0, 889.0, 890.0, 891.0, 892.0, 893.0, 894.0, 895.0, 896.0, 897.0, 898.0, 899.0, 900.0, 901.0, 902.0, 903.0, 904.0, 905.0, 906.0, 907.0, 908.0, 909.0, 910.0, 911.0, 912.0, 913.0, 914.0, 915.0, 916.0, 917.0, 918.0, 919.0, 920.0, 921.0, 922.0, 923.0, 924.0, 925.0, 926.0, 927.0, 928.0, 929.0, 930.0, 931.0, 932.0, 933.0, 934.0, 935.0, 936.0, 937.0, 938.0, 939.0, 940.0, 941.0, 942.0, 943.0, 944.0, 945.0, 946.0, 947.0, 948.0, 949.0, 950.0, 951.0, 952.0, 953.0, 954.0, 955.0, 956.0, 957.0, 958.0, 959.0, 960.0, 961.0, 962.0, 963.0, 964.0, 965.0, 966.0, 967.0, 968.0, 969.0, 970.0, 971.0, 972.0, 973.0, 974.0, 975.0, 976.0, 977.0, 978.0, 979.0, 980.0, 981.0, 982.0, 984.0, 985.0, 986.0, 987.0, 988.0, 990.0, 991.0, 992.0, 993.0, 994.0, 995.0, 996.0, 997.0, 998.0, 999.0, 1000.0, 1001.0, 1002.0, 1003.0, 1005.0, 1006.0, 1007.0, 1008.0, 1009.0, 1010.0, 1011.0, 1012.0, 1013.0, 1014.0, 1016.0, 1017.0, 1018.0, 1019.0, 1020.0, 1021.0, 1022.0, 1023.0, 1024.0, 1025.0, 1027.0, 1028.0, 1029.0, 1030.0, 1031.0, 1032.0, 1033.0, 1034.0, 1035.0, 1036.0, 1037.0, 1038.0, 1039.0, 1040.0, 1041.0, 1042.0, 1043.0, 1044.0, 1045.0, 1046.0, 1047.0, 1048.0, 1049.0, 1051.0, 1052.0, 1053.0, 1054.0, 1055.0, 1056.0, 1057.0, 1058.0, 1059.0, 1060.0];
c.sigma = reshape(c.sigma, length(c.mu), length(c.mu))';
e(end+1, 1) = c;
c.mu = [2.879803338321513, 23.725687080242288, 4.414046139518356, 3.270173902388616, 3.512527349504758, 1.141483807115925, 5.087422676613319, 1.1693578254966177, 1.5213558306788575, 1.297194403183428, 1.148282830182425, 1.471198863263062, 1.9905104743242914, 1.6270371452845147, 1.4965759778253152, 1.125048743552618];
c.sigma = [1.1233617338763475, 0.08426142630433621, 0.3348376593228822, -0.49276921313677435, 0.08085230189085812, 0.0036365575951626036, 0.27006751422052927, 0.2633702898436089, -0.07990134741289616, 0.1056299397093231, 0.07123036550475335, 0.10299005826861311, 0.0956385696466068, 0.17083131646277233, 0.15165668364067028, 0.06872311417553567, 0.08426142630433621, 0.9387409164338287, -0.15546574919130712, 0.4705095907702694, 0.5592590939917116, -0.5032392597987116, -0.14887431902180998, -0.15640203168612835, -0.10511893492455686, -0.09394369101262753, -0.04538569515708929, -0.14369362196219337, -0.19163871160345097, -0.3243055665867826, -0.1864010735856479, -0.10583451933143997, 0.3348376593228822, -0.15546574919130712, 1.1172067664569363, -0.4528891439128678, -0.3318399319345509, 0.2493136514667797, 0.9760170277052501, 0.37662035411954803, 0.2560371922104267, 0.5378148228086732, 0.5430561924444431, 0.4669774980766671, 0.4556639021303602, -0.05464529871609952, 0.24207499851051528, 0.3077263771078448, -0.49276921313677435, 0.4705095907702694, -0.4528891439128678, 1.0940283334348868, 0.912734015778279, -0.3919728111692299, -0.38450867599920474, -0.30233783659340313, 0.12449954089695718, -0.33661114137823106, -0.24353859929558144, -0.23218884840095005, -0.26999806011091587, -0.4271785922760086, -0.36499555837895975, -0.2328649606295411, 0.08085230189085812, 0.5592590939917116, -0.3318399319345509, 0.912734015778279, 1.050636360986004, -0.42273075921513525, -0.28030565149189934, -0.19194390549935667, 0.09038948743125692, -0.32613924375539977, -0.22889992641371656, -0.2125328116427156, -0.2663216282629302, -0.3837314818252099, -0.32798191698414975, -0.21742428653841517, 0.0036365575951626044, -0.5032392597987116, 0.2493136514667797, -0.3919728111692299, -0.42273075921513525, 1.0479999357637872, 0.17240395790024654, 0.09562918277270799, -0.04364558426173447, 0.3158108522041825, 0.30960756829087954, 0.16758203818377526, 0.2764255144091795, -0.08754369496936532, 0.07307883566610826, 0.22038789661139055, 0.27006751422052927, -0.14887431902180998, 0.9760170277052501, -0.38450867599920474, -0.28030565149189934, 0.17240395790024654, 1.112590725142976, 0.29011727635190215, 0.268513657247364, 0.30960289346554754, 0.3068594957264901, 0.32832598273127134, 0.2917899137955811, 0.17121758371065093, 0.2604448770418127, 0.1961632133697724, 0.26337028984360883, -0.15640203168612835, 0.37662035411954803, -0.30233783659340313, -0.19194390549935667, 0.09562918277270799, 0.29011727635190215, 0.9758051674645741, 0.17970850044295084, 0.3506854891792692, 0.46901850319757243, 0.2501652065545392, 0.24706465596094132, -0.15254128327792738, 0.08538045671984715, 0.2723701650785483, -0.07990134741289616, -0.10511893492455686, 0.2560371922104267, 0.12449954089695718, 0.09038948743125692, -0.04364558426173447, 0.268513657247364, 0.17970850044295084, 1.1087377341733535, -0.019008604094287375, 0.07300859382955555, 0.13307815407218185, 0.28862491955950564, -0.05112573988771963, 0.0059300375796458756, 0.005651871809379744, 0.1056299397093231, -0.09394369101262753, 0.5378148228086732, -0.33661114137823106, -0.32613924375539977, 0.3158108522041825, 0.30960289346554754, 0.3506854891792692, -0.019008604094287375, 0.973408335639174, 0.8764702414467964, 0.33409499593962716, 0.36267194715089734, -0.42111542592017426, 0.203243166134274, 0.46268983514036255, 0.07123036550475335, -0.04538569515708929, 0.5430561924444431, -0.24353859929558141, -0.22889992641371654, 0.30960756829087954, 0.3068594957264901, 0.46901850319757243, 0.07300859382955555, 0.8764702414467964, 1.4912710255260921, 0.2687301149709844, 0.292403295588078, -1.3098784264903007, -0.2546673951658106, 0.5591489913620886, 0.10299005826861311, -0.14369362196219337, 0.4669774980766671, -0.23218884840095005, -0.2125328116427156, 0.16758203818377526, 0.32832598273127134, 0.2501652065545392, 0.13307815407218185, 0.33409499593962716, 0.2687301149709844, 0.4199657069529016, 0.35922731364496874, 0.10157411098078467, 0.22826782480818264, 0.2167910514976873, 0.0956385696466068, -0.19163871160345097, 0.4556639021303602, -0.26999806011091587, -0.2663216282629302, 0.2764255144091795, 0.2917899137955811, 0.24706465596094132, 0.28862491955950564, 0.36267194715089734, 0.292403295588078, 0.35922731364496874, 0.9206592240166793, 0.12686583927382636, 0.25579312936758863, 0.2128405018531479, 0.17083131646277233, -0.3243055665867826, -0.05464529871609952, -0.4271785922760086, -0.3837314818252099, -0.08754369496936532, 0.17121758371065093, -0.15254128327792732, -0.05112573988771963, -0.42111542592017415, -1.3098784264903005, 0.10157411098078467, 0.12686583927382636, 3.253039850738121, 1.3797042454953914, -0.22224070561363635, 0.15165668364067028, -0.1864010735856479, 0.24207499851051528, -0.36499555837895975, -0.32798191698414975, 0.07307883566610829, 0.2604448770418127, 0.08538045671984715, 0.005930037579645879, 0.203243166134274, -0.2546673951658105, 0.22826782480818264, 0.25579312936758863, 1.3797042454953914, 0.8613160895801304, 0.14801274919066287, 0.06872311417553567, -0.10583451933143997, 0.3077263771078448, -0.2328649606295411, -0.21742428653841517, 0.22038789661139058, 0.1961632133697724, 0.2723701650785483, 0.005651871809379744, 0.46268983514036255, 0.5591489913620886, 0.21679105149768732, 0.2128405018531479, -0.22224070561363646, 0.14801274919066287, 0.39753038242252764];
c.inds = [33.0, 34.0, 35.0, 36.0, 37.0, 41.0, 43.0, 96.0, 97.0, 100.0, 103.0, 111.0, 256.0, 261.0, 262.0, 263.0, 266.0, 267.0, 313.0, 395.0, 396.0, 399.0, 434.0, 435.0, 436.0, 437.0, 438.0, 439.0, 440.0, 441.0, 442.0, 444.0, 447.0, 448.0, 466.0, 467.0, 468.0, 469.0, 470.0, 471.0, 474.0, 475.0, 486.0, 535.0, 536.0, 537.0, 538.0, 540.0, 541.0, 542.0, 543.0, 544.0, 572.0, 573.0, 574.0, 575.0, 577.0, 618.0, 620.0, 622.0, 626.0, 628.0, 631.0, 632.0, 633.0, 635.0, 668.0, 670.0, 758.0, 759.0, 760.0, 762.0, 763.0, 764.0, 765.0, 767.0, 770.0, 780.0, 781.0, 785.0, 786.0, 788.0, 789.0, 790.0, 853.0, 983.0, 989.0, 1004.0, 1015.0, 1026.0, 1050.0];
c.sigma = reshape(c.sigma, length(c.mu), length(c.mu))';
e(end+1, 1) = c;
e(1) = [];
eall{end+1} = e;
p.id = 6630;
p.iter = 2;
p.desc = '17300 >= 1.0 AND 49700 >= 5.0 AND 19400 <= 0.0';
p.size = 62;
p.w = [0.04625237349239324, -0.005500638936582154, 0.04948454193964391, 0.06352786073434043, -0.12422566730271188, 0.007806946362025366, -0.060242768108133615, 0.004527407424628121, -0.03728792860404303, -0.40172921539763135, 0.7580964686721635, -0.0505799656950006, -0.06948411312536965, 0.12883940446915712, -0.17777651551717902, 0.4232326004986193];
p.SIs = [15.155387926995031, 4.750440045532525, 28.332453908584434, 20.74397304740421, 23.66806676380879, 53.48202150085962, 14.680835256585992, 5.041016388250469, 21.216084878155634, 60.57250492131397, 71.3515982030652, 13.250615745658237, 22.329825446172975, 38.15300994242911, 49.42835598119645, 52.447304922554956];
p.idxs = [2, 21, 381, 454, 463, 483, 545, 547, 549, 550, 551, 553, 554, 556, 577, 580, 581, 582, 583, 584, 592, 596, 601, 604, 606, 607, 608, 610, 650, 651, 654, 655, 656, 659, 660, 661, 662, 663, 664, 792, 793, 794, 795, 797, 798, 801, 803, 804, 805, 806, 808, 813, 833, 836, 1030, 1031, 1036, 1037, 1038, 1039, 1040, 1045] + 1;
p.targetCol = [0, 1, 2, 3, 4, 5, 6, 7, 8, 9, 10, 11, 12, 13, 14, 15]+ 1;
p.v = 40.789161682128906;
pall(end+1) = p;
e = struct('mu', [], 'sigma', [], 'inds', []);
c.mu = [2.4643755228803403, 24.17020516125661, 3.0739558995332357, 4.370396343277732, 4.509491527699074, 0.3977263245098996, 4.034420671777905, 0.4630152751744356, 1.5697691325906593, 0.2654888825684364, 0.29465668383493737, 0.6039690406149569, 1.2230073262990084, 0.5818762502676965, 0.5444282841815983, 0.3496200415534231];
c.sigma = [1.1226280928270735, 0.08617109590268031, 0.34031158193919336, -0.49173720825812156, 0.08172409118259007, 0.008304449593857231, 0.27096990568744617, 0.2699866774631643, -0.07877233707846633, 0.1181240190336212, 0.0974731196332003, 0.10501452082775695, 0.09784075333042334, 0.12812446589742638, 0.13686803497117192, 0.07735088225119525, 0.08617109590268031, 0.9337700414010741, -0.169714384289361, 0.4678232793321942, 0.5569898241516037, -0.5153897950599036, -0.15122324640514254, -0.17362450621973022, -0.10805775182147223, -0.12646581265307397, -0.11369565380173123, -0.14896330337657032, -0.19737100157702303, -0.21313952122116486, -0.14790618184985596, -0.12829262253048662, 0.34031158193919336, -0.169714384289361, 1.0763641379821287, -0.4605892512759874, -0.338344621285552, 0.21448506655125396, 0.969284006066928, 0.3272534411519468, 0.2476132971601145, 0.44459263540388316, 0.34725089299975226, 0.45187235721883207, 0.4392327290327738, 0.2640037128303921, 0.3524176769862681, 0.24335193289649523, -0.49173720825812156, 0.4678232793321942, -0.4605892512759874, 1.092576623405006, 0.9115076792706435, -0.3985390840358378, -0.3857780602535817, -0.31164503704135627, 0.12291137434829673, -0.35418642677115103, -0.28045399588720626, -0.2350366378475112, -0.27309584792913766, -0.36710333043106197, -0.34419252726352684, -0.24500154807210242, 0.08172409118259007, 0.5569898241516037, -0.338344621285552, 0.9115076792706435, 1.0496004094536702, -0.4282776383918806, -0.281377967740543, -0.1998061916710271, 0.08904787886016521, -0.3409860200852579, -0.2600843210947069, -0.21493849052657918, -0.26893849403929054, -0.3329827198205323, -0.31040849253902913, -0.22767670606612653, 0.008304449593857231, -0.5153897950599036, 0.21448506655125396, -0.3985390840358378, -0.4282776383918806, 1.0182998314238767, 0.16666236817829658, 0.05353150726756722, -0.050829067671972025, 0.2363155554692656, 0.14263443866417508, 0.15470111693374877, 0.26241381807959635, 0.18418451086197202, 0.16717364519752215, 0.16549253653465812, 0.27096990568744617, -0.15122324640514254, 0.969284006066928, -0.3857780602535817, -0.281377967740543, 0.16666236817829658, 1.1114807676775775, 0.281979002552187, 0.2671249545665928, 0.29423495490705504, 0.2745804439785731, 0.3258358579757493, 0.289081188913261, 0.22374776528542073, 0.27863517648020286, 0.1855509060326643, 0.2699866774631643, -0.17362450621973022, 0.3272534411519468, -0.31164503704135627, -0.1998061916710271, 0.05353150726756722, 0.281979002552187, 0.9161348625170374, 0.16952645023397664, 0.2380068545242949, 0.23234658620174273, 0.23190746453502015, 0.22720412487968458, 0.23261311563473852, 0.21875280831285193, 0.19456009987474718, -0.07877233707846633, -0.10805775182147223, 0.2476132971601145, 0.12291137434829673, 0.08904787886016521, -0.050829067671972025, 0.2671249545665928, 0.16952645023397664, 1.1070002845901945, -0.03823591517547483, 0.03262325737075151, 0.12996268070383407, 0.28523594869997937, 0.014596421770144146, 0.028688493089516598, -0.007625519539051163, 0.1181240190336212, -0.12646581265307397, 0.44459263540388316, -0.35418642677115103, -0.3409860200852579, 0.2363155554692656, 0.29423495490705504, 0.2380068545242949, -0.03823591517547483, 0.7606312312005064, 0.4295499769750066, 0.29961792322396164, 0.3251682419540452, 0.30619226655757326, 0.4550973252748388, 0.31575691905609915, 0.0974731196332003, -0.11369565380173123, 0.34725089299975226, -0.28045399588720626, -0.2600843210947069, 0.14263443866417508, 0.2745804439785731, 0.23234658620174273, 0.03262325737075151, 0.4295499769750066, 0.5525529086381515, 0.19631394737180632, 0.21362994311922448, 0.21776970619785033, 0.274330908990858, 0.25052886097151483, 0.10501452082775695, -0.14896330337657032, 0.45187235721883207, -0.2350366378475112, -0.21493849052657918, 0.15470111693374877, 0.3258358579757493, 0.23190746453502015, 0.12996268070383407, 0.29961792322396164, 0.19631394737180632, 0.4143792574795095, 0.3531504475526798, 0.21942250574285427, 0.26907669934071, 0.19298295971297116, 0.09784075333042334, -0.19737100157702303, 0.4392327290327738, -0.27309584792913766, -0.26893849403929054, 0.26241381807959635, 0.289081188913261, 0.22720412487968458, 0.28523594869997937, 0.3251682419540452, 0.21362994311922448, 0.3531504475526798, 0.9140488891914029, 0.2550597695279656, 0.3001844851101491, 0.18694237346628273, 0.12812446589742638, -0.21313952122116486, 0.2640037128303921, -0.36710333043106197, -0.3329827198205323, 0.18418451086197202, 0.22374776528542073, 0.23261311563473852, 0.014596421770144146, 0.30619226655757326, 0.21776970619785033, 0.21942250574285427, 0.2550597695279656, 0.7669806436969717, 0.5188246512895803, 0.2800005502216491, 0.13686803497117192, -0.14790618184985596, 0.3524176769862681, -0.34419252726352684, -0.31040849253902913, 0.16717364519752215, 0.27863517648020286, 0.21875280831285193, 0.028688493089516598, 0.4550973252748388, 0.274330908990858, 0.26907669934071, 0.3001844851101491, 0.5188246512895803, 0.5632082755663128, 0.32193026784521395, 0.07735088225119525, -0.12829262253048662, 0.24335193289649523, -0.24500154807210242, -0.22767670606612653, 0.16549253653465812, 0.1855509060326643, 0.19456009987474718, -0.007625519539051163, 0.31575691905609915, 0.25052886097151483, 0.19298295971297116, 0.18694237346628273, 0.2800005502216491, 0.32193026784521395, 0.2960660736286826];
c.inds = [1.0, 2.0, 4.0, 5.0, 6.0, 7.0, 8.0, 9.0, 10.0, 11.0, 12.0, 13.0, 14.0, 15.0, 16.0, 17.0, 18.0, 19.0, 20.0, 21.0, 23.0, 24.0, 25.0, 26.0, 27.0, 28.0, 29.0, 30.0, 31.0, 32.0, 38.0, 39.0, 40.0, 42.0, 44.0, 45.0, 46.0, 47.0, 48.0, 49.0, 50.0, 51.0, 52.0, 53.0, 54.0, 55.0, 56.0, 57.0, 58.0, 59.0, 60.0, 61.0, 62.0, 63.0, 64.0, 65.0, 66.0, 67.0, 68.0, 69.0, 70.0, 71.0, 72.0, 73.0, 74.0, 75.0, 76.0, 77.0, 78.0, 79.0, 80.0, 81.0, 82.0, 83.0, 84.0, 85.0, 86.0, 87.0, 88.0, 89.0, 90.0, 91.0, 92.0, 93.0, 94.0, 95.0, 98.0, 99.0, 101.0, 102.0, 104.0, 105.0, 106.0, 107.0, 108.0, 109.0, 110.0, 112.0, 113.0, 114.0, 115.0, 116.0, 117.0, 118.0, 119.0, 120.0, 121.0, 122.0, 123.0, 124.0, 125.0, 126.0, 127.0, 128.0, 129.0, 130.0, 131.0, 132.0, 133.0, 134.0, 135.0, 136.0, 137.0, 138.0, 139.0, 140.0, 141.0, 142.0, 143.0, 144.0, 145.0, 146.0, 147.0, 148.0, 149.0, 150.0, 151.0, 152.0, 153.0, 154.0, 155.0, 156.0, 157.0, 158.0, 159.0, 160.0, 161.0, 162.0, 163.0, 164.0, 165.0, 166.0, 167.0, 168.0, 169.0, 170.0, 171.0, 172.0, 173.0, 174.0, 175.0, 176.0, 177.0, 178.0, 179.0, 180.0, 181.0, 182.0, 183.0, 184.0, 185.0, 186.0, 187.0, 188.0, 189.0, 190.0, 191.0, 192.0, 193.0, 194.0, 195.0, 196.0, 197.0, 198.0, 199.0, 200.0, 201.0, 202.0, 203.0, 204.0, 205.0, 206.0, 207.0, 208.0, 209.0, 210.0, 211.0, 212.0, 213.0, 214.0, 215.0, 216.0, 217.0, 218.0, 219.0, 220.0, 221.0, 222.0, 223.0, 224.0, 225.0, 226.0, 227.0, 228.0, 229.0, 230.0, 231.0, 232.0, 233.0, 234.0, 235.0, 236.0, 237.0, 238.0, 239.0, 240.0, 241.0, 242.0, 243.0, 244.0, 245.0, 246.0, 247.0, 248.0, 249.0, 250.0, 251.0, 252.0, 253.0, 254.0, 255.0, 257.0, 258.0, 259.0, 260.0, 264.0, 265.0, 268.0, 269.0, 270.0, 271.0, 272.0, 273.0, 274.0, 275.0, 276.0, 277.0, 278.0, 279.0, 280.0, 281.0, 282.0, 283.0, 284.0, 285.0, 286.0, 287.0, 288.0, 289.0, 290.0, 291.0, 292.0, 293.0, 294.0, 295.0, 296.0, 297.0, 298.0, 299.0, 300.0, 301.0, 302.0, 303.0, 304.0, 305.0, 306.0, 307.0, 308.0, 309.0, 310.0, 311.0, 312.0, 314.0, 315.0, 316.0, 317.0, 318.0, 319.0, 320.0, 321.0, 322.0, 323.0, 324.0, 325.0, 326.0, 327.0, 328.0, 329.0, 330.0, 331.0, 332.0, 333.0, 334.0, 335.0, 336.0, 337.0, 338.0, 339.0, 340.0, 341.0, 342.0, 343.0, 344.0, 345.0, 346.0, 347.0, 348.0, 349.0, 350.0, 351.0, 352.0, 353.0, 354.0, 355.0, 356.0, 357.0, 358.0, 359.0, 360.0, 361.0, 362.0, 363.0, 364.0, 365.0, 366.0, 367.0, 368.0, 369.0, 370.0, 371.0, 372.0, 373.0, 374.0, 375.0, 376.0, 377.0, 378.0, 379.0, 380.0, 381.0, 383.0, 384.0, 385.0, 386.0, 387.0, 388.0, 389.0, 390.0, 391.0, 392.0, 393.0, 394.0, 397.0, 398.0, 400.0, 401.0, 402.0, 403.0, 404.0, 405.0, 406.0, 407.0, 408.0, 409.0, 410.0, 411.0, 412.0, 413.0, 414.0, 415.0, 416.0, 417.0, 418.0, 419.0, 420.0, 421.0, 422.0, 423.0, 424.0, 425.0, 426.0, 427.0, 428.0, 429.0, 430.0, 431.0, 432.0, 433.0, 443.0, 445.0, 446.0, 449.0, 450.0, 451.0, 452.0, 453.0, 454.0, 456.0, 457.0, 458.0, 459.0, 460.0, 461.0, 462.0, 463.0, 465.0, 472.0, 473.0, 476.0, 477.0, 478.0, 479.0, 480.0, 481.0, 482.0, 483.0, 485.0, 487.0, 488.0, 489.0, 490.0, 491.0, 492.0, 493.0, 494.0, 495.0, 496.0, 497.0, 498.0, 499.0, 500.0, 501.0, 502.0, 503.0, 504.0, 505.0, 506.0, 507.0, 508.0, 509.0, 510.0, 511.0, 512.0, 513.0, 514.0, 515.0, 516.0, 517.0, 518.0, 519.0, 520.0, 521.0, 522.0, 523.0, 524.0, 525.0, 526.0, 527.0, 528.0, 529.0, 530.0, 531.0, 532.0, 533.0, 534.0, 539.0, 545.0, 547.0, 549.0, 553.0, 556.0, 558.0, 559.0, 560.0, 561.0, 562.0, 563.0, 564.0, 565.0, 566.0, 567.0, 568.0, 569.0, 570.0, 571.0, 576.0, 579.0, 580.0, 586.0, 587.0, 588.0, 589.0, 590.0, 591.0, 592.0, 594.0, 595.0, 596.0, 598.0, 599.0, 600.0, 601.0, 603.0, 604.0, 606.0, 610.0, 612.0, 613.0, 614.0, 615.0, 616.0, 617.0, 619.0, 621.0, 623.0, 624.0, 625.0, 627.0, 629.0, 630.0, 634.0, 636.0, 637.0, 638.0, 639.0, 640.0, 641.0, 642.0, 643.0, 644.0, 645.0, 646.0, 647.0, 648.0, 649.0, 650.0, 653.0, 654.0, 658.0, 659.0, 666.0, 667.0, 669.0, 671.0, 672.0, 673.0, 674.0, 675.0, 676.0, 677.0, 678.0, 679.0, 680.0, 681.0, 682.0, 683.0, 684.0, 685.0, 686.0, 687.0, 688.0, 689.0, 690.0, 691.0, 692.0, 693.0, 694.0, 695.0, 696.0, 697.0, 698.0, 699.0, 700.0, 701.0, 702.0, 703.0, 704.0, 705.0, 706.0, 707.0, 708.0, 709.0, 710.0, 711.0, 712.0, 713.0, 714.0, 715.0, 716.0, 717.0, 718.0, 719.0, 720.0, 721.0, 722.0, 723.0, 724.0, 725.0, 726.0, 727.0, 728.0, 729.0, 730.0, 731.0, 732.0, 733.0, 734.0, 735.0, 736.0, 737.0, 738.0, 739.0, 740.0, 741.0, 742.0, 743.0, 744.0, 745.0, 746.0, 747.0, 748.0, 749.0, 750.0, 751.0, 752.0, 753.0, 754.0, 755.0, 756.0, 757.0, 761.0, 766.0, 768.0, 769.0, 771.0, 772.0, 773.0, 774.0, 775.0, 776.0, 777.0, 778.0, 779.0, 782.0, 783.0, 784.0, 787.0, 791.0, 792.0, 797.0, 800.0, 801.0, 803.0, 808.0, 810.0, 811.0, 812.0, 813.0, 815.0, 816.0, 817.0, 818.0, 819.0, 820.0, 821.0, 822.0, 823.0, 824.0, 825.0, 826.0, 827.0, 828.0, 829.0, 830.0, 831.0, 832.0, 833.0, 835.0, 836.0, 838.0, 839.0, 840.0, 841.0, 842.0, 843.0, 844.0, 845.0, 846.0, 847.0, 848.0, 849.0, 850.0, 851.0, 852.0, 854.0, 855.0, 856.0, 857.0, 858.0, 859.0, 860.0, 861.0, 862.0, 863.0, 864.0, 865.0, 866.0, 867.0, 868.0, 869.0, 870.0, 871.0, 872.0, 873.0, 874.0, 875.0, 876.0, 877.0, 878.0, 879.0, 880.0, 881.0, 882.0, 883.0, 884.0, 885.0, 886.0, 887.0, 888.0, 889.0, 890.0, 891.0, 892.0, 893.0, 894.0, 895.0, 896.0, 897.0, 898.0, 899.0, 900.0, 901.0, 902.0, 903.0, 904.0, 905.0, 906.0, 907.0, 908.0, 909.0, 910.0, 911.0, 912.0, 913.0, 914.0, 915.0, 916.0, 917.0, 918.0, 919.0, 920.0, 921.0, 922.0, 923.0, 924.0, 925.0, 926.0, 927.0, 928.0, 929.0, 930.0, 931.0, 932.0, 933.0, 934.0, 935.0, 936.0, 937.0, 938.0, 939.0, 940.0, 941.0, 942.0, 943.0, 944.0, 945.0, 946.0, 947.0, 948.0, 949.0, 950.0, 951.0, 952.0, 953.0, 954.0, 955.0, 956.0, 957.0, 958.0, 959.0, 960.0, 961.0, 962.0, 963.0, 964.0, 965.0, 966.0, 967.0, 968.0, 969.0, 970.0, 971.0, 972.0, 973.0, 974.0, 975.0, 976.0, 977.0, 978.0, 979.0, 980.0, 981.0, 982.0, 984.0, 985.0, 986.0, 987.0, 988.0, 990.0, 991.0, 992.0, 993.0, 994.0, 995.0, 996.0, 997.0, 998.0, 999.0, 1000.0, 1001.0, 1002.0, 1003.0, 1005.0, 1006.0, 1007.0, 1008.0, 1009.0, 1010.0, 1011.0, 1012.0, 1013.0, 1014.0, 1016.0, 1017.0, 1018.0, 1019.0, 1020.0, 1021.0, 1022.0, 1023.0, 1024.0, 1025.0, 1027.0, 1028.0, 1029.0, 1030.0, 1033.0, 1034.0, 1035.0, 1036.0, 1042.0, 1043.0, 1044.0, 1045.0, 1047.0, 1048.0, 1049.0, 1051.0, 1052.0, 1053.0, 1054.0, 1055.0, 1056.0, 1057.0, 1058.0, 1059.0, 1060.0];
c.sigma = reshape(c.sigma, length(c.mu), length(c.mu))';
e(end+1, 1) = c;
c.mu = [2.9008617449520235, 23.722960181332834, 4.379389911547667, 3.278841587805368, 3.5376699684357398, 1.114904518289728, 5.069526319690422, 1.1322259823917715, 1.5034083975361887, 1.224961372823354, 1.1007389360071789, 1.4484300790340863, 1.9730204511415796, 1.6046319486088154, 1.4542169524163862, 1.1174539361543558];
c.sigma = [1.1233617338763475, 0.08426142630433621, 0.3348376593228822, -0.49276921313677435, 0.08085230189085812, 0.0036365575951626187, 0.27006751422052927, 0.2633702898436089, -0.07990134741289616, 0.10562993970932315, 0.07123036550475344, 0.10299005826861311, 0.09563856964660682, 0.1708313164627722, 0.15165668364067023, 0.0687231141755357, 0.08426142630433621, 0.9387409164338287, -0.15546574919130718, 0.4705095907702694, 0.5592590939917116, -0.5032392597987116, -0.14887431902180998, -0.1564020316861284, -0.10511893492455687, -0.09394369101262764, -0.04538569515708951, -0.1436936219621934, -0.191638711603451, -0.3243055665867822, -0.18640107358564775, -0.10583451933144004, 0.3348376593228822, -0.15546574919130718, 1.117206766456936, -0.4528891439128678, -0.3318399319345509, 0.24931365146677958, 0.9760170277052501, 0.37662035411954786, 0.2560371922104267, 0.5378148228086729, 0.5430561924444425, 0.46697749807666705, 0.4556639021303601, -0.05464529871609848, 0.24207499851051564, 0.30772637710784456, -0.49276921313677435, 0.4705095907702694, -0.4528891439128678, 1.0940283334348868, 0.912734015778279, -0.3919728111692299, -0.38450867599920474, -0.3023378365934032, 0.12449954089695718, -0.3366111413782311, -0.24353859929558155, -0.23218884840095005, -0.26999806011091587, -0.42717859227600835, -0.3649955583789597, -0.23286496062954112, 0.08085230189085812, 0.5592590939917116, -0.3318399319345509, 0.912734015778279, 1.050636360986004, -0.42273075921513525, -0.28030565149189934, -0.1919439054993567, 0.09038948743125692, -0.3261392437553998, -0.22889992641371668, -0.2125328116427156, -0.2663216282629302, -0.3837314818252097, -0.3279819169841497, -0.2174242865384152, 0.0036365575951626196, -0.5032392597987116, 0.24931365146677958, -0.3919728111692299, -0.42273075921513525, 1.0479999357637872, 0.1724039579002465, 0.09562918277270785, -0.04364558426173449, 0.3158108522041822, 0.309607568290879, 0.1675820381837752, 0.27642551440917945, -0.08754369496936443, 0.07307883566610857, 0.22038789661139038, 0.27006751422052927, -0.14887431902180998, 0.9760170277052501, -0.38450867599920474, -0.28030565149189934, 0.1724039579002465, 1.112590725142976, 0.29011727635190215, 0.268513657247364, 0.3096028934655475, 0.30685949572648996, 0.32832598273127134, 0.2917899137955811, 0.1712175837106511, 0.26044487704181274, 0.19616321336977238, 0.26337028984360883, -0.1564020316861284, 0.37662035411954786, -0.3023378365934032, -0.1919439054993567, 0.09562918277270785, 0.29011727635190215, 0.9758051674645739, 0.1797085004429508, 0.35068548917926884, 0.46901850319757166, 0.25016520655453917, 0.24706465596094127, -0.15254128327792613, 0.08538045671984758, 0.272370165078548, -0.07990134741289616, -0.10511893492455687, 0.2560371922104267, 0.12449954089695718, 0.09038948743125692, -0.04364558426173449, 0.268513657247364, 0.1797085004429508, 1.1087377341733535, -0.019008604094287437, 0.07300859382955542, 0.13307815407218185, 0.28862491955950564, -0.051125739887719415, 0.00593003757964595, 0.0056518718093797006, 0.10562993970932315, -0.09394369101262764, 0.5378148228086729, -0.3366111413782311, -0.3261392437553998, 0.3158108522041822, 0.3096028934655475, 0.35068548917926884, -0.019008604094287437, 0.9734083356391733, 0.876470241446795, 0.33409499593962705, 0.36267194715089723, -0.42111542592017187, 0.20324316613427484, 0.46268983514036205, 0.07123036550475344, -0.04538569515708951, 0.5430561924444425, -0.24353859929558153, -0.22889992641371665, 0.309607568290879, 0.30685949572648996, 0.46901850319757166, 0.07300859382955542, 0.876470241446795, 1.491271025526089, 0.2687301149709842, 0.2924032955880777, -1.3098784264902958, -0.2546673951658089, 0.5591489913620876, 0.10299005826861311, -0.1436936219621934, 0.46697749807666705, -0.23218884840095005, -0.2125328116427156, 0.1675820381837752, 0.32832598273127134, 0.25016520655453917, 0.13307815407218185, 0.33409499593962705, 0.2687301149709842, 0.4199657069529016, 0.35922731364496874, 0.10157411098078506, 0.22826782480818278, 0.2167910514976872, 0.09563856964660682, -0.191638711603451, 0.4556639021303601, -0.26999806011091587, -0.2663216282629302, 0.27642551440917945, 0.2917899137955811, 0.24706465596094127, 0.28862491955950564, 0.36267194715089723, 0.2924032955880777, 0.35922731364496874, 0.9206592240166793, 0.12686583927382677, 0.2557931293675888, 0.21284050185314782, 0.1708313164627722, -0.3243055665867822, -0.05464529871609848, -0.42717859227600835, -0.3837314818252097, -0.08754369496936443, 0.1712175837106511, -0.15254128327792607, -0.051125739887719415, -0.42111542592017176, -1.3098784264902956, 0.10157411098078506, 0.12686583927382677, 3.253039850738113, 1.3797042454953885, -0.2222407056136347, 0.15165668364067023, -0.18640107358564775, 0.24207499851051564, -0.3649955583789597, -0.3279819169841497, 0.0730788356661086, 0.26044487704181274, 0.08538045671984758, 0.005930037579645954, 0.20324316613427484, -0.2546673951658088, 0.22826782480818278, 0.2557931293675888, 1.3797042454953885, 0.8613160895801294, 0.14801274919066343, 0.0687231141755357, -0.10583451933144004, 0.30772637710784456, -0.23286496062954112, -0.2174242865384152, 0.2203878966113904, 0.19616321336977238, 0.272370165078548, 0.0056518718093797006, 0.46268983514036205, 0.5591489913620876, 0.21679105149768724, 0.21284050185314782, -0.22224070561363482, 0.14801274919066343, 0.3975303824225273];
